0.19635478166449996
0.20113933376499996
0.20500541111100007
0.2248579199380001
0.1943477767880001
0.23336413995000005
0.200760004358
0.23248738625499998
0.2378617876056666
0.20929978623499995
0.20158057935700005
0.206347682853
0.19564130021600012
0.18832680427466658
0.20111912541799995
0.20283442376699995
0.22798616063999994
0.19290006589499994
0.20680628783100005
0.20237186726800005
0.19396339285400013
0.19947153077399998
0.19510828662200005
0.19452560087100004
0.19567758322099965
0.20840480411699985
0.20757698981500006
0.20693932872700002
0.18951718512999993
0.2077300053879999
0.20431354149033332
0.20976437418500002
0.20075411233866677
0.19496122859500006
0.21440724836699984
0.20637207527400003
0.19558809438499997
0.19974433435699995
0.210276570954
0.20073130441599996
0.19425672498700006
0.19837555589700007
0.20919721464499996
0.21176150639299998
0.19840212609600008
0.19444255352374998
0.19950142355350015
0.20068819550699993
0.208900728082
0.19819189483349997
0.22957135386375008
0.18839290434499997
0.25634854596800005
0.21429597543900003
0.21005500657000006
0.23499923886099994
0.2020276615135
0.193330332053
0.196190313072
0.18742640917599995
0.20933512188200015
0.28234939490859995
0.20427708503700007
0.19711845712599996
0.1931442524153334
0.2581064694053335
0.1963463990109999
0.19910480260316665
0.21235488359799998
0.20838406660900002
0.20438478081199996
0.21315424936900013
0.20430363727099998
0.198585224898
0.199660406423
0.19336498231599994
0.2031784449963334
0.20409311201700003
0.1974709912109999
0.20707235544300012
0.21546263257239995
0.21564221459799993
0.22398370174149995
0.1800633422269999
0.21081550277100003
0.1952250972913333
0.18765116945699997
0.20776854099099995
0.19258480240249995
0.2003809260671666
0.1963027496830001
0.194436135932
0.201928064381
0.23156901829300003
0.18842382473799998
0.20434289580400006
0.19612445940133333
0.22001372121199997
0.199455328945
0.22254831775900002
0.19270776041900006
0.200823987844
0.20623547263299996
0.21351122787199994
0.2047109696920001
0.20120128992359984
0.21910613257300013
0.19674633864399993
0.21445165196499993
0.19957712070499994
0.19347957906300003
0.20730047573499996
0.19757649747799985
0.20682863844600002
0.20863131334300003
0.19720810161000002
0.19822619376599995
0.20848972062299992
0.20489658469399996
0.2195688251980001
0.19367407726600003
0.19541988928300003
0.21343398562199997
0.19704228238949995
0.19903697837500015
0.20397481204549994
0.20880753815100006
0.21823265059199998
0.21777403965400002
0.184121989261
0.19219939390700003
0.21147867412249993
0.2248478058489999
0.184524020345
0.235928051432
0.2231027702016667
0.19489748368299994
0.19259461678199993
0.19669786068700007
0.1979773412875001
0.219112449626
0.20053466975433334
0.19453292693900004
0.19896551518799996
0.19156131795
0.18916342199400002
0.20285560805499991
0.2080875052154001
0.20129133510399996
0.19960690428600006
0.210733250478
0.3012349605659999
0.21591403391800007
0.19677944836100011
0.1947045648650001
0.19329040115150004
0.202374362476
0.19836043588200006
0.21541572250000005
0.202336592984
0.19306952896300003
0.191724182448
0.20530566410499998
0.19651014817239998
0.200461195723
0.205139991263
0.217881211218
0.2417871585995
0.20063311083500002
0.19493563313749998
0.2417280998819999
0.20061122793300004
0.20766793216900006
0.19259923442799998
0.20727192319299997
0.20610345927960008
0.19865657295000014
0.22779343880100003
0.20737056369199997
0.222366877951
0.22936345769400002
0.20517102017299993
0.2149737618464
0.18805527855999993
0.22970012782700014
0.1984033410710001
0.19952167874199994
0.20513285916899998
0.2228896066115
0.20257991204000006
0.20705818960400002
0.21371825471899997
0.190695572557
0.2158702967316001
0.19911302548799997
0.2114906186049999
0.19281117858099997
0.26939112385800007
0.206396557087
0.209198416391
0.20628606532299987
0.19809872464399997
0.20737510780433324
0.246552533345
0.22797951411700004
0.198239873441
0.204917497636
0.20897778796641664
0.240266733564
0.21522749320999998
0.19751348741500002
0.18436289955900004
0.23477845106
0.24423105858099994
0.19785089649200008
0.1971164865210001
0.1990551761320001
0.20036236672800015
0.18736777845825
0.20081438188199996
0.20583097556899996
0.19518521214400003
0.19885715694099995
0.19914184745549998
0.201015113462
0.19008360711219996
0.23000538495000009
0.24532259237599996
0.23088087152500003
0.185641147244
0.2073565178059999
0.24133206165699986
0.23658322449500002
0.20666138110299997
0.200081415469
0.20525198856500004
0.20519531589200002
0.2067164944467501
0.276571694451
0.212072291362
0.218290520201
0.21418971569350004
0.19590048243
0.22231309608399996
0.19588965120000001
0.20882458404600002
0.3019066240740002
0.19956734854499994
0.2040769038459999
0.20583737290700008
0.21144216028225002
0.211876090113
0.20145209188300003
0.2063777340790001
0.20119975684199998
0.21075993153966655
0.21203176718799996
0.213479399988
0.193574030166
0.2023434978300001
0.233403382972
0.21598137095599987
0.2231275778689999
0.21250309374499998
0.19761070888600013
0.20117941844299994
0.19642954048699998
0.2231419057170001
0.20776945568400002
0.206440144971
0.20674374115299998
0.19588586670400002
0.1905710682969999
0.19428708709099995
0.20374049069771427
0.207430549909
0.19222951387149995
0.20426467541300003
0.20100995172800004
0.20340474512200007
0.1963141211329999
0.19386988111100004
0.20641470537700005
0.22763393688699995
0.19932064122800008
0.21319662835100003
0.19756249088200004
0.20171650528000004
0.1868986682500001
0.268514756545
0.19022881250499996
0.20426629479499997
0.20930084044800001
0.20879410327199996
0.20465178126659997
0.206185331881
0.21313342677150005
0.23944295143700006
0.22868857717900004
0.220421269095
0.19082239838399992
0.20266258957100003
0.20263727807100004
0.19220349818649995
0.20677480766300008
0.21053238339600008
0.19110433516366668
0.19967124816999995
0.20382655266299998
0.18839290434499997
0.21845718633000005
0.18801432660200007
0.20171030087300001
0.22466279966
0.2092792204486667
0.21061853984100004
0.21386831062700012
0.21487568767599996
0.1971933779049999
0.19535859337700004
0.21182727989800004
0.19937897113999992
0.19873376159799994
0.20185854802600006
0.19056746102100014
0.222885345409
0.20406109778199993
0.19097625884900005
0.2061213981749998
0.20515003720000002
0.2530888196565
0.21873422398375006
0.2003338582596668
0.21966652707100007
0.19566338766199998
0.20917733799300012
0.21358438894470003
0.20148308230800002
0.24124400404599997
0.19864301877999985
0.20878214443200008
0.20820689669299994
0.19675670461250003
0.22995708096400003
0.21027283655199994
0.19842548414099997
0.21404972036800016
0.220003023856
0.19986466102700007
0.22765691786100004
0.1944979502329999
0.238804126916
0.20393125348099997
0.2101191870020001
0.19457545622249994
0.19542217235599998
0.19979999133300008
0.20182258074800008
0.19101968386400006
0.20224261692366668
0.2546711265690001
0.198466502087
0.25301137988600003
0.19445877171100015
0.20061872520600005
0.20003669283099995
0.20333060090400001
0.31948787594600003
0.19958493069399993
0.22183473791799993
0.19393545328200004
0.20080302459699997
0.273261426756
0.22305942589400019
0.19722948708899998
0.20336883896099997
0.19423077102099998
0.2063499263449999
0.22509551585800008
0.25324555951200006
0.19929855950500003
0.2046527662560001
0.20613417877299994
0.21053437699199995
0.19448635564100003
0.22509149795199995
0.18434921612200006
0.19686864743700003
0.20224831696600018
0.236778026066
0.19808854324399994
0.19786495386199995
0.21819415567699987
0.203721503597
0.1970556382790001
0.1980995420298
0.20294303522300006
0.2055456951809999
0.22438268909699996
0.19486476635800007
0.19496465661800005
0.2645096641740001
0.2053381633066667
0.194036144913
0.19797260420199994
0.198099447536
0.19266241501200004
0.199799411764
0.19250043715699994
0.24114372374250015
0.20193855501550004
0.20115706999900007
0.212655534731
0.19744394976699997
0.20300395043500002
0.20377477816700001
0.20530622656899994
0.18934038024299993
0.20126628236749994
0.22131245015199993
0.2124201625490001
0.22986938179100005
0.19347643493999997
0.22663375944300004
0.20255692158100008
0.2093190399920001
0.21158948781300002
0.19364990505400004
0.18989834571249994
0.21113070044100002
0.20842250131150003
0.21481379858200003
0.211424988447
0.19276055410699997
0.20005635487299994
0.2027158393640001
0.2048718881360001
0.20670878024499997
0.2083943438959999
0.20344716954099995
0.20614002584100008
0.19341399046619995
0.203469972962
0.20419619878999998
0.20323134891499997
0.202678772445
0.21665567174099995
0.19477783644449997
0.19093013961399996
0.19573973566600003
0.20932984250000003
0.20563305815799993
0.202332805619
0.20336870360000003
0.20944059136200002
0.206850789819
0.21092190639375008
0.20397553994799997
0.19506471079499998
0.20041931235599994
0.20103830229200015
0.19106365976800008
0.21346678657500004
0.23853655231333337
0.19631581723400018
0.19913638591899993
0.199155893044
0.19329258369100003
0.19910253382199997
0.20217874433400007
0.22126571548300003
0.22930982057300014
0.19409680500650006
0.199791186423
0.21390658472750002
0.196478768531
0.1990079151836667
0.20370771699100002
0.20634183545100002
0.20647056012399997
0.20435500433
0.201116973475
0.19696787777199998
0.21096436848099998
0.1913835037339166
0.2031129294140001
0.199030196867
0.20889764132699995
0.20632385884100002
0.20559557450300006
0.20783781160919992
0.19409955544800006
0.210463236764
0.20267586352500003
0.21482385140500007
0.2026651054325
0.21662287887999995
0.21642593693500012
0.2241413964370002
0.2010456135020001
0.18350295040799997
0.21331624751900008
0.19444963082100003
0.19977449239066658
0.22289738396099995
0.19492378189000004
0.20854967307499997
0.2251587342549999
0.23315821346900006
0.224126995178
0.20060389457866662
0.22346114445300003
0.19998592945000013
0.19952575103200004
0.1888857520799999
0.2091505337329999
0.23150684239699998
0.20039193997671428
0.19958461620000004
0.21027614153099997
0.20415919555799994
0.20618723321100002
0.20122117377699997
0.23712527971899994
0.18855630730466666
0.22842746642999998
0.19390034195700007
0.22798454969600004
0.21414064798899987
0.2042499733389999
0.23074538180600013
0.2101523024210001
0.2151632787999999
0.20011348586299998
0.21333018477000004
0.20212304786200005
0.19388491179300002
0.195230754637
0.20597393486299992
0.21147983439700005
0.18710381013500002
0.20808453397600005
0.21183002942300003
0.2255037682750001
0.225787393927
0.19601654512800004
0.20177617273500004
0.2132397094870002
0.19532338463900004
0.21952864225000002
0.22088389427633345
0.20903942377800008
0.19413995895500005
0.185759379947
0.22585283879499995
0.23380212236099993
0.18205368838550012
0.19014071077050002
0.18945115350999997
0.23261678293
0.21944565526300003
0.20169349932399994
0.20206574163566657
0.19748883839366674
0.19593359051300002
0.21698015193499995
0.198955146493
0.19583449030950004
0.20187947167799994
0.1968949894721666
0.200016307182
0.18485245027900002
0.20953987549799996
0.20848763152100014
0.24801180142650003
0.19973829398739987
0.19787764185000004
0.20907185455299998
0.2095917023116667
0.20051686975000005
0.196459944859
0.21447329043800012
0.194795564111
0.2013601864375001
0.2129647535139999
0.21030468165099997