0.23416945220800006
0.17227711600899995
0.17770744597599994
0.20441132191499992
0.20636684535900002
0.174248276659
0.22025314624099998
0.18406723170000006
0.25831297026
0.174303754737
0.21297802092199994
0.2332426748619999
0.20602437260900008
0.2620963717939999
0.17996444548799995
0.2740673005540001
0.181121413869
0.20622282017399993
0.214198357889
0.174863151327
0.18805016012299983
0.2305245593339999
0.23055713719700005
0.17392370585100006
0.2457598179860001
0.21498969343700008
0.1899017890850001
0.20578088309399997
0.20951198795900006
0.195999558886
0.25216945217400005
0.19558514995100004
0.20435976329799999
0.21946065800599984
0.21751443514199997
0.18407750278099996
0.19108663591399996
0.26097983311999995
0.18049447996400006
0.19567431024800008
0.18528879281600003
0.19105197006299998
0.2717690036149999
0.20391920724400006
0.18507116930499992
0.201999804771
0.199061935775
0.2003035764939999
0.2582989481800001
0.24673341121
0.279945888714
0.24259548988400007
0.19923402062500006
0.18454898340199993
0.19501920872100004
0.22684336179000006
0.17851245100700003
0.24073558748499999
0.225603978508
0.17886809240300003
0.17792597967699997
0.26349370298200003
0.24316023382799998
0.30270721025100006
0.22748480802500004
0.18208880271999997
0.24884818049000007
0.23181120544199998
0.2386418993959999
0.20564797123100004
0.20025359500000006
0.26554779045000004
0.18604786401199994
0.21784373744000013
0.170286516394
0.19860033543499994
0.23746600219499991
0.17017910673300002
0.19027013066699996
0.188198824376
0.23693831900800005
0.20418253157699998
0.18849898148700003
0.19870363236599997
0.23679016900500002
0.22689102731300007
0.2314479507049999
0.19682847111400004
0.2517067490359998
0.18352526529900007
0.20163167265100015
0.17671167743599997
0.2689050316160001
0.272412595668
0.26107857441700005
0.23913419021100002
0.27051026165
0.27730211561800017
0.18258761624699993
0.195439644006
0.198833094252
0.18685714066400003
0.23129199437200004
0.21367718331799998
0.19931430364599997
0.19790617241499991
0.2443635743389999
0.18963627868300012
0.19915997667200006
0.2283457171920001
0.222293669844
0.21772935063100016
0.2165222277580001
0.17481637804699993
0.258671647589
0.18595703536399996
0.216721808771
0.236761055699
0.19646966510400002
0.206244366082
0.24882147887800005
0.20219922609899996
0.17519118157400002
0.1902553836510001
0.184506539309
0.21944257395900002
0.220408209386
0.17446141683400002
0.17922895422500004
0.17749086479099996
0.177511410237
0.181313884436
0.177308350523
0.19886649200100007
0.2529721101810001
0.20071860349799997
0.1886143780460001
0.17852360641499987
0.21472416416600004
0.19819175449999996
0.17424406949199991
0.179965209497
0.18588935095300008
0.17961766776499996
0.24270673747
0.21052050103800013
0.19115736579099996
0.18818705469999994
0.1723105873699999
0.17442670215899997
0.19709773159200006
0.22633820942900004
0.1885760913430001
0.18632633364300002
0.18020980776700005
0.20478260848799995
0.1852748364110001
0.18621195266800009
0.201708847065
0.22402148921800005
0.25163858581900017
0.19383143524799998
0.22472645848399997
0.18494972632500006
0.20258661897699998
0.234876705676
0.22894846948899994
0.20912073694900005
0.23571305604499992
0.22278891161000003
0.18056200511899997
0.18781021633300005
0.22074450158099995
0.18353610739399995
0.2127200061840001
0.18914031039700002
0.2260445894630001
0.18465305085800002
0.20022177868300006
0.196993389867
0.19172485310000012
0.19659309576499998
0.21085495779999996
0.1920179707039999
0.18147748078499995
0.175034817216
0.18206199264699996
0.23420451570900003
0.179585926188
0.195052555676
0.227827555203
0.185118466952
0.21767493267399998
0.18647536235600004
0.24019941399199995
0.18780323169200008
0.2500745313530002
0.21532827509300007
0.18998793015200005
0.2193998583039999
0.211828367466
0.190551809871
0.23379035610699997
0.20710846224499996
0.18233879971800007
0.184894245984
0.19986957757500004
0.19524732784399995
0.25855209073999996
0.2635383869609999
0.20974975273100008
0.275429963871
0.22812388269100004
0.2578447597489999
0.233723901673
0.2152304275870001
0.191958034827
0.1837567935789999
0.21927602656399992
0.24901991358099998
0.20754358646400006
0.176716007519
0.22826299092000008
0.212037058091
0.18025944875700003
0.17586423985699998
0.24726444900199998
0.17038461380699998
0.21957042867200005
0.18767708878799993
0.211284619986
0.201504060059
0.23101517452
0.23618751046700004
0.174525721168
0.18305516362999996
0.234134944361
0.237721062823
0.19224645985000002
0.24162989442500002
0.20850851237299992
0.2058947609359999
0.2245855495910001
0.24795988906099992
0.23469252697700005
0.18752032194800003
0.19309324627200006
0.217193749515
0.1962047039630001
0.18387437492599998
0.19032811775899994
0.171329242921
0.2678307978999998
0.2144227762900001
0.1840532393030001
0.183538311169
0.22385829935700002
0.20860709497200003
0.19065450734400005
0.270427575736
0.192283863392
0.199926585679
0.21590822380799998
0.21682284485799996
0.23750008446599996
0.19772038886800003
0.224594015654
0.20309313729299994
0.24317156866300002
0.21785175338599994
0.205519060486
0.179289108578
0.22623115242699993
0.18493805259099996
0.23310285372500006
0.2157844746070001
0.185172588346
0.2126043859650001
0.21156500706800008
0.225682190313
0.24614626650700003
0.22295043822200003
0.21475072077299995
0.21224436455599996
0.22637110307500008
0.19146302937099996
0.2067928497849999
0.17300494228699997
0.218229164802
0.17923621740800005
0.17397618244999996
0.19533885795600003
0.21206705201999995
0.17867157074399997
0.22393496408500013
0.18102062494500004
0.24663752390399996
0.17895709986900002
0.179331116563
0.22063178979799986
0.22230009508499995
0.19263790853000007
0.2672445876759999
0.20967071272200008
0.20627272906500005
0.18514238182600007
0.21536824912100003
0.18320639820699994
0.18719266342100002
0.21426200362599992
0.22596548612300005
0.24239891520899998
0.19616450706700003
0.289336404396
0.18977329087400005
0.21747384920500004
0.19049787444200006
0.25097066699
0.18668550790999994
0.18108155353799998
0.21317444178499997
0.20233878475300007
0.19723040313699997
0.208300220617
0.18962871128199993
0.18663657340899995
0.23390915191999986
0.2410110717550001
0.22831742552900003
0.18786734797899995
0.261270733393
0.177949469797
0.24176122444800005
0.25357913360900003
0.18365603251800003
0.2019051777370001
0.2110703601520001
0.23738621609900007
0.20785427595000006
0.2273863533210001
0.2808486868809999
0.23900071774799997
0.20958630469900016
0.24502866289800015
0.22031116020000002
0.19087162610199992
0.18743007652799992
0.20762215011400012
0.21368667674700006
0.19858800391700004
0.24807856096000003
0.19984684045999998
0.1914767589769999
0.18711515275600019
0.18049395286200004
0.22275696775
0.18696587099599998
0.20627591744100002
0.18173311495800007
0.194503551148
0.20804584456200012
0.1932018956410001
0.19960082295599998
0.17867236309700005
0.20067534956500005
0.203579526785
0.2653781451760001
0.26618930360500004
0.1826674189499999
0.19025320149199998
0.2557586523719999
0.25478929112000004
0.202550288556
0.19038619136100002
0.17999143870499995
0.18079078973399995
0.207592802424
0.18476239219100002
0.24042761924800002
0.19896947761599992
0.22031274014100005
0.209976118549
0.2426684758150001
0.27477070873900006
0.20238999943400005
0.19368203887799995
0.19833854833600018
0.19647778929500004
0.19149614132099996
0.18208046517399995
0.20570818070000002
0.21374177801899996
0.20802371396700003
0.19164491725200009
0.24274294778099997
0.258849151633
0.19596717895900004
0.20348879303799997
0.22674901749800014
0.179613882218
0.2210431756890001
0.190245463784
0.21498811343900004
0.20811781503100008
0.2193008073669999
0.19155254786099998
0.1847716914850001
0.19583113593300003
0.18033506307099995
0.28456369128000003
0.200744688514
0.22592036837399992
0.2140084888610001
0.18022249230799997
0.2179845219150001
0.24239914110699995
0.23590563788200014
0.20705410378900005
0.20256490244700007
0.22433691752399995
0.18528933714699997
0.21295418185700007
0.183003018205
0.182658587687
0.184335912929
0.1851081236609999
0.20726822154100005
0.18496403532199995
0.23555281060500005
0.19477033174900005
0.19258202998199997
0.17795568048899998
0.22011269197499994
0.22258656398399995
0.182418931249
0.24578569086900007
0.24653118942500002
0.195739739338
0.2474601788630001
0.272747652156
0.17791314207800007
0.18137483641299995
0.17279051139599994
0.20231091849300006
0.2663504299120001
0.18074752040900005
0.22033709659200013
0.21789183083000002
0.20338429815000006
0.20827875958699998
0.26806297366199994
0.197789228662
0.21094098851799994
0.24345471755900003
0.23113290050800003
0.278000321901
0.186663882676
0.20357299132599993
0.22245196428299996
0.17786205810300001
0.19015717594100007
0.20774297067300002
0.19007574605400004
0.20387116594499993
0.20610638579400006
0.175992270923
0.19958610199099996
0.20849714846100004
0.19683908210999998
0.2077442590019999
0.196472980888
0.18453599138999993
0.18215174758599997
0.18239505857200006
0.24933009006599993
0.19221866056700002
0.18683365193199997
0.19803477216900006
0.17737864356
0.236047550091
0.204530186916
0.18621593923600002
0.2025931774810001
0.1893257173450001
0.18433742101799994
0.253946601385
0.24695427636000006
0.21772054172700006
0.20956963541
0.27592048478399994
0.20358298533000002
0.19035450993700004
0.23459951491200012
0.17829661623499998
0.23034079716000005
0.23565847484000005
0.21622507364899995
0.215776578792
0.25500114366899995
0.17336478945900008
0.26125994471799996
0.18031119671600002
0.21680489691300012
0.21865322911100002
0.23220626754099996
0.19114510576400007
0.16946922054400002
0.24486539161300003
0.20492611583500003
0.18471514517000007
0.25852470651500004
0.19110363073699993
0.17794603280000001
0.25364881809300005
0.18249591007299998
0.19547009043099997
0.20044424054399992
0.20953580126500004
0.20642018628799996
0.20689433423600007
0.174260607967
0.204521595253
0.19020558482
0.17904990806300006
0.17525375396200008
0.23208411790600006
0.24996758408299996
0.1853253238109999
0.22837220292300003
0.18546159742000004
0.19278560516000007
0.233808582447
0.27412806870100004
0.201406256177
0.19026607883800004
0.21120404783000002
0.2100624175710001
0.22239929373000009
0.266272932805
0.23374958982099991
0.1980791985049999
0.17921532796199993
0.17069719205499997
0.180981630011
0.210999225861
0.20344560341600001
0.19254129333800005
0.182824494047
0.27174916963999995
0.20466119887099993
0.179726059843
0.223572594017
0.18619970305800007
0.17843021234200002
0.256898390263
0.19450373296399995
0.24787996208500013
0.18185493203400005
0.222662434888
0.199578762997
0.2927284081560001
0.17492068038799996
0.22811094901600001
0.19236660716299997
0.18276697186999996
0.21559665831100006
0.19762491098200005
0.21387099295299994
0.18735616083999992
0.21456942493300007
0.188251416489
0.20177285005699994
0.20013579018799998
0.1998140039119999
0.19196033263900003
0.19220110157
0.18801360401100006
0.18269563644800002
0.19594221703199996
0.1794454473659999
0.22772138149700005
0.19326557132799999
0.18438386841000007
0.21396005974000004
0.19781690258699988
0.203632857704