0.1925925847436236
0.21294320965736893
0.20854531344080002
0.1783740403539441
0.2086933425634184
0.2489896183004723
0.1738220344403887
0.18604317112143254
0.22762561545798463
0.17932919719080018
0.18230058827672624
0.19487921773511435
0.17901349198783348
0.19713725321798362
0.1974689238938447
0.2091401790989281
0.19991508168135824
0.1867601177428757
0.2219766160523627
0.17244262987697148
0.1828646612024619
0.19177226403867909
0.2507328275696043
0.19016674121020233
0.1792932248706001
0.17693217894980087
0.22175468158878242
0.27340258098452636
0.21006789912875007
0.17514133878404642
0.20004122118614984
0.2718605586170001
0.16855469302291667
0.18810728853793315
0.19331243936024842
0.18720378954374298
0.16679949679522504
0.19991508168135824
0.21918623094266
0.2536747266315502
0.23874872927111584
0.20797172560325675
0.18159065282305492
0.1919129376787494
0.18153528831816648
0.18946999574116666
0.18933638978583975
0.20152913142114293
0.17453620203926234
0.22940914299264695
0.24570645214582393
0.1868612490513334
0.3116644753694251
0.233927995466657
0.17615490554075655
0.1718387441710514
0.18794553426385857
0.21384121179926974
0.21017288591449973
0.24835783261108332
0.19203535882049028
0.183478053542081
0.19509440514031212
0.17514133878404642
0.17835668169707372
0.18071820424787424
0.19254079805747948
0.17850918407724278
0.1965141272128327
0.21654535129905336
0.1872834300536571
0.2123417083615666
0.19254079805747948
0.1732263187641289
0.16025845147367457
0.21358111115635706
0.1869507032299643
0.1690738186496989
0.21720822793736727
0.18159065282305492
0.19331243936024842
0.1925925847436236
0.2117856827319042
0.18680153513392667
0.20681650285581274
0.19991508168135824
0.20300591780022387
0.21384121179926974
0.1778439238097646
0.2733049138942735
0.17615490554075655
0.21144561018273805
0.22002915693680006
0.2180031071773248
0.19336815645506072
0.18249748710539934
0.18960482834730844
0.20618112378516937
0.2085120669408983
0.18845605370304935
0.19547951999331648
0.18243987606322826
0.19566354627801583
0.1965141272128327
0.2733049138942735
0.17071231022426198
0.20405947919372136
0.18476785714867425
0.22929209047018995
0.18152168871818322
0.20211874657475346
0.1882904578669372
0.17896766676462486
0.17621822984821264
0.17732623312132495
0.21733968757270375
0.2086933425634184
0.21821565772459256
0.23696261408347913
0.1992942202346309
0.2219766160523627
0.19668416184699974
0.19336815645506072
0.2135696787071336
0.2044725415212334
0.21303045622683114
0.210091020746624
0.21299801562908552
0.1914038391709666
0.1941724839996485
0.1987745796530331
0.17119854090762376
0.21882988657845692
0.16303797042442875
0.21145168072200016
0.1874297764618168
0.17701623682512693
0.2342692527412532
0.22175468158878242
0.191050135336031
0.1925925847436236
0.17870145867748508
0.31212517185524324
0.20543352773084383
0.22808697426159155
0.20405947919372136
0.19448222453611186
0.1829125477473669
0.1786928515555346
0.211828776356475
0.2306308785484431
0.21294320965736893
0.1687894372725555
0.19269155628379772
0.20007033264268884
0.1902535809908546
0.17859588085562694
0.25483172002169413
0.1693047213099386
0.18554272755254814
0.20997691324345003
0.1765509461073092
0.2219766160523627
0.20900947600440273
0.2304277556120644
0.1909381601070475
0.2732827566013835
0.16991657419978337
0.17693217894980087
0.22334718346253044
0.19331243936024842
0.22625908963591862
0.19628647155932488
0.17693217894980087
0.21017288591449973
0.160880277373743
0.18709843337357557
0.19346159978349056
0.1817884346642003
0.2026275086809226
0.18211411871672423
0.21244345424249325
0.2064729138589086
0.1800642234345396
0.1868612490513334
0.172418541783417
0.19424599533936843
0.17480191087073327
0.21821565772459256
0.20012470204626454
0.2336032786294416
0.17615490554075655
0.16896757686092204
0.19542712456171704
0.1883850873642
0.18053600110855178
0.17107915400484433
0.21303045622683114
0.21145168072200016
0.19152876100910757
0.18563532036063335
0.20681650285581274
0.17284148795953364
0.18539957613701666
0.20678563419252274
0.17925181605926394
0.21093706622741426
0.1874297764618168
0.1874297764618168
0.18999863696492864
0.20211874657475346
0.18624701726163218
0.20183827060418008
0.19506308131624647
0.21303045622683114
0.19807283936557846
0.2572542311311681
0.16168641918844245
0.17870145867748508
0.19902935013755724
0.2086933425634184
0.1987121215943619
0.2086933425634184
0.18810728853793315
0.26085877982749517
0.24243639051291027
0.19506308131624647
0.17145395870172866
0.16410061442139054
0.21166869665518345
0.1731309358097554
0.19331243936024842
0.19807283936557846
0.1986417886654049
0.18390065556521773
0.17012819450503652
0.20776395968354325
0.21017288591449973
0.22017355165381655
0.18250144935133045
0.2489896183004723
0.20648740382468816
0.2086933425634184
0.17933652109405554
0.21591075472106996
0.18930316167700692
0.20095759707461913
0.17638402903903608
0.18994693867741652
0.2086933425634184
0.2517541655349995
0.17556508616423575
0.2086933425634184
0.20935329676117903
0.1925925847436236
0.17588440466243863
0.19733731267665075
0.2495869682530083
0.17615490554075655
0.1947354583971231
0.1987121215943619
0.21245333083470236
0.188571765285381
0.22399828594497212
0.20921979431204407
0.18604317112143254
0.2097083315939495
0.2306308785484431
0.22627163925361682
0.19503571118586777
0.1874297764618168
0.16979190295249993
0.20390416801593808
0.21818690011883338
0.23896671212508896
0.19114196387436078
0.1967688046003357
0.19976957918741425
0.17890966853045548
0.20907400592643355
0.20706553010653164
0.20935329676117903
0.15879895109003322
0.20138477578472866
0.26139286745205004
0.1876102397575799
0.20300591780022387
0.20648740382468816
0.1638788118880774
0.19976957918741425
0.24604242168835833
0.16479348692423165
0.1919129376787494
0.1925925847436236
0.22029002575503312
0.17652062753244122
0.20921979431204407
0.19807283936557846
0.18534321660465897
0.21345199653099983
0.20921979431204407
0.20164056157256507
0.22940914299264695
0.296942430112546
0.2055950644951758
0.15856178659097744
0.21294320965736893
0.24604242168835833
0.18413298318796667
0.21896171442630116
0.20681650285581274
0.19316303167535007
0.2180031071773248
0.1597311111080793
0.19991166145552733
0.17108579900095083
0.21363543002518187
0.19148801626302409
0.19506308131624647
0.2099657918474499
0.17510918243922496
0.1736842899875427
0.1940906246106341
0.19336815645506072
0.2008389994283501
0.19657249954482123
0.19203535882049028
0.207541677359761
0.22940914299264695
0.27736567546386476
0.22488632678758733
0.19152876100910757
0.23896671212508896
0.19036262441501897
0.19976957918741425
0.235121769771678
0.19805243903256678
0.19185121813646946
0.192084023465125
0.16479348692423165
0.23385293440147847
0.20265248681109502
0.20725536578349257
0.17148462340965065
0.19657249954482123
0.17225081320602878
0.2106431453727618
0.20212512962826626
0.19733731267665075
0.1697767498825846
0.19487921773511435
0.21712185885921137
0.19510499624424996
0.18300126385762716
0.18748183777014604
0.20492914754452374
0.19420410475962605
0.19733731267665075
0.19072766344732092
0.18654289404866678
0.21299801562908552
0.2055950644951758
0.16506180424057493
0.19309263996711434
0.21128358121813318
0.20386704385216775
0.21255530907216902
0.2039372777335203
0.18243987606322826
0.20211874657475346
0.21835487796993341
0.1919129376787494
0.17452114830081833
0.20639466073534524
0.18872541737112386
0.21654535129905336
0.18139887621704595
0.17859588085562694
0.20812879176044607
0.18417522572465725
0.19509440514031212
0.18628573883898242
0.1940906246106341
0.18358951163364734
0.23217812565916326
0.19661792211162102
0.2219766160523627
0.17896920736473335
0.17835668169707372
0.15913595139953565
0.27057941303456196
0.21384121179926974
0.2055950644951758
0.20249873373063323
0.1858725569844147
0.2219766160523627
0.2193417070193395
0.22011508338592434
0.1965141272128327
0.18109344064574395
0.17399431674376406
0.20183827060418008
0.21689695598164196
0.1597311111080793
0.22334718346253044
0.24243639051291027
0.19114196387436078
0.20631218527404768
0.26061256264293337
0.2522336891243786
0.1867416501995001
0.17909287344471675
0.19072766344732092
0.19733731267665075
0.2089512180837308
0.19424599533936843
0.20655871531276118
0.20601829585998108
0.18787413945019993
0.20618112378516937
0.17766990639053534
0.20543352773084383
0.210091020746624
0.20618112378516937
0.18153528831816648
0.17317262043581214
0.17652062753244122
0.2060843369070561
0.19331243936024842
0.17597247720130477
0.2052579974430849
0.2591771526531697
0.18153528831816648
0.21918623094266
0.16896757686092204
0.2060843369070561
0.20837883565518683
0.18390065556521773
0.22441215273858603
0.2086933425634184
0.19657249954482123
0.1925925847436236
0.22605308370694677
0.2055950644951758
0.23896671212508896
0.19420410475962605
0.21294320965736893
0.17832939468616865
0.17078374018895684
0.18184809484631437
0.1968948586983889
0.18628573883898242
0.2248517655815625
0.21266443437603666
0.26085877982749517
0.235121769771678
0.20164056157256507
0.20265248681109502
0.2507328275696043
0.2086933425634184
0.19807283936557846
0.2007661568091473
0.20265248681109502
0.19722289859810946
0.1854203983146746
0.20692149556601902
0.28204208539431186
0.25302952852396393
0.16343345306395085
0.19657249954482123
0.1947354583971231
0.1823191777321
0.21537598850923367
0.23052765941750344
0.25118136042954864
0.20064425892619517
0.18177151347558318
0.19331243936024842
0.18300126385762716
0.26362448263167004
0.17835668169707372
0.2113844497627215
0.19036262441501897
0.1947354583971231
0.17652903569516906
0.23005302373697625
0.19072766344732092
0.18709843337357557
0.19148801626302409
0.17859588085562694
0.18071820424787424
0.17701623682512693
0.23690554378171658
0.16343345306395085
0.16631655122502792
0.17229371403148336
0.19595950843484997
0.21345199653099983
0.22938754071588338
0.22547375736819295
0.21591075472106996
0.3586367895524891
0.20211874657475346
0.21294320965736893
0.19611617095557854
0.1968948586983889
0.20540338648364173
0.18628573883898242
0.2149291327242918
0.17835668169707372
0.21100044862240355
0.1947354583971231
0.18603464450055
0.1874297764618168
0.17896920736473335
0.2440886658049763
0.17784380985638343
0.1919129376787494
0.21166869665518345
0.24010020000910434
0.20249873373063323
0.21052089958091413
0.27215587729776647
0.22789333520743094
0.20300591780022387
0.20070717766961665
0.18200203179591118
0.22605308370694677
0.19542712456171704
0.20618112378516937
0.21052089958091413
0.16343345306395085
0.2522336891243786
0.15915728646635707
0.17681994388098723
0.17933652109405554
0.1800642234345396
0.1925925847436236
0.18153528831816648
0.18709843337357557
0.2168126855286708
0.17615490554075655
0.20336256946044526
0.20212512962826626
0.21052089958091413
0.17681994388098723
0.20211874657475346
0.2045107559852907
0.21245333083470236
0.2671938771850428
0.24604242168835833
0.2039372777335203
0.21145168072200016
0.21098382125177653
0.22940914299264695
0.19807283936557846
0.19326201017540026
0.21810533021530987
0.2219766160523627
0.2693670171624396
0.22456503553230023
0.28350306759716654
0.2489896183004723
0.21052089958091413
0.18199235430478086
0.20618112378516937
0.2208179696923761
0.19487921773511435
0.21195657590940403
0.2086933425634184
0.1992942202346309
0.22312009929911905
0.18379665528914274
0.1828623398757915
0.17244262987697148
0.2168126855286708
0.2411268477367113
0.17452114830081833
0.20265248681109502
0.20009089486636533
0.21128358121813318
0.22923766854120067
0.17722777268807335
0.21303045622683114
0.21245333083470236
0.19331243936024842