0.19666505189500005
0.20583192727600003
0.200746250592
0.188755779318
0.22421145605800002
0.20035025220899988
0.233293505518
0.21884920395599994
0.23952773756800005
0.2179436875220001
0.20469586868200007
0.230275379827
0.19389921066099997
0.1934226455830001
0.18837187187
0.18549144711799992
0.20189480980200003
0.181537742655
0.1866118834209999
0.19433839271199996
0.20922514780600007
0.20059407368300025
0.23027500610600019
0.19811546267500002
0.21557699395400007
0.20083690133100002
0.27917628965099994
0.17747041374499994
0.18967164349799998
0.20180194996800008
0.199539466636
0.20575356516300009
0.20183526280199998
0.18156131409199996
0.20654188082200003
0.20996953101199992
0.18587632582900004
0.18555317777899996
0.23339754521999992
0.18491193142600007
0.17934592339600006
0.21517120924300007
0.17921460433399997
0.2085386272070001
0.20252319707299993
0.19608225764499995
0.19431395280899996
0.20427778697500001
0.22932983719799985
0.19467749409100005
0.23426515202500006
0.189977192033
0.17876858090799985
0.201243418223
0.238287584427
0.22118678675400008
0.20880898689599992
0.205963643692
0.21177183046799997
0.22905658755800015
0.19593107608299998
0.23767864904799982
0.23028760646999996
0.234885861369
0.22850769225999998
0.18889840621600004
0.20107902979399989
0.21624644067000007
0.18606543150100002
0.17729003091699996
0.18672330120300004
0.1974041382000001
0.17962224634399998
0.20496073071500004
0.1977617979669999
0.19752607594199983
0.18810781220800002
0.22429379426800003
0.19308939615299994
0.18703352410999996
0.20395832817199996
0.19872867138300002
0.19536811577300003
0.20029847133099993
0.21707448929200002
0.22908835379299985
0.18646300275600003
0.19435265100900012
0.20850047661300014
0.18650548174899995
0.2177579827049998
0.187737404445
0.2215774344459999
0.22723090845100002
0.21467798836299995
0.22788324860100004
0.22741274559999997
0.16875143775799994
0.19181156839500016
0.196909221478
0.21755868029100012
0.1931776913269999
0.200739878295
0.20389377651
0.27047404721399987
0.24699118507600004
0.22546618192399998
0.20572986540499996
0.21367380181499995
0.1977207392479999
0.19571880179400003
0.23937029883000008
0.22933762069000005
0.185991276666
0.21408412060500015
0.19794122255700003
0.20349748445600002
0.17387214954500008
0.1831618381660001
0.19693580376699998
0.22522130641500002
0.1985167058310001
0.22142680568999995
0.19839368744100003
0.1933902254549999
0.18159559758900007
0.20465307143799996
0.18030402975199997
0.19502713803800006
0.18789947077900002
0.213195753535
0.2136075067960001
0.19154401076300004
0.2036024283190001
0.2109039615870001
0.19530417462900002
0.185415660453
0.20320389017100005
0.22350199620900002
0.1914157655710002
0.19365491572800012
0.19820147203700003
0.18620035222900008
0.1845296213329999
0.19371955051
0.20541231131899998
0.20025206213999996
0.20915826555000017
0.21222388888299995
0.18721274310900005
0.175328175358
0.19725892530499997
0.20749501878899992
0.20101887912699992
0.22677502097599997
0.19204861335599988
0.18907244482799992
0.23731852126699982
0.20561827514300002
0.17211418950100005
0.21602388251199986
0.28465209857600005
0.21949677442099996
0.2317893245460001
0.19099773292900007
0.22028696039200008
0.19237305891400006
0.20840333855300006
0.190580283912
0.1877152776460001
0.20875454725199988
0.18710292730399997
0.24734326434000004
0.20391978608200018
0.19562503629199987
0.20483087154100002
0.2316959804179999
0.20042933329600005
0.18821947380599993
0.21528638773
0.19853694356900012
0.2105206175169999
0.21966403744199994
0.21042055481499997
0.20275720584799994
0.21109020745600005
0.20459074380099998
0.21636838026799995
0.178184120887
0.18881201579900003
0.18627038254599998
0.18672764243400006
0.20517619366399992
0.21012502028600008
0.2297120679929999
0.21193689450399994
0.18992347829200015
0.17644418920799995
0.2020509583620001
0.24841445096799997
0.2129852362740001
0.188468503335
0.19570536112100012
0.19579516830699992
0.19953210669699994
0.19833803432500008
0.20475747977500014
0.22438896251999998
0.19500260894900007
0.22612118995399988
0.223199529558
0.20115313785300007
0.22143169521499995
0.20627530038600012
0.20832424395200008
0.18593594252299997
0.19993597665700005
0.19574161205800003
0.18072637822399987
0.20598191076800001
0.18105049133300002
0.2071805724350001
0.186074732679
0.190252821354
0.18503253021500002
0.18271504678999995
0.20561530359399985
0.19407194512099973
0.20848785086199986
0.20111280300800005
0.217556108332
0.18418898612500004
0.208341958974
0.20425407531500006
0.21274253428400017
0.193747895747
0.20521193983500005
0.20101342690400004
0.23250214788500037
0.20227226546500002
0.19465533567500004
0.21546796608399998
0.21178350996600004
0.193527414211
0.20347263281999994
0.22365868050299992
0.20069721269200005
0.20061156666200003
0.20739851386900007
0.18885834075400004
0.17837989841099997
0.19647629910599998
0.21916388900699993
0.22595670861599995
0.19461352024199996
0.22152690384499996
0.21476321016299996
0.18430213956799998
0.20946482299099997
0.18802243109600003
0.21994917855199997
0.18873713789700006
0.18710719685199997
0.2567091956619999
0.20640500166599993
0.199921243747
0.2229705058470001
0.22146688593799993
0.23525013800299988
0.24441207147299998
0.20098603484000005
0.19661550332199995
0.19216026746300013
0.24758851393800016
0.23513493409400016
0.22908756948199993
0.19398113054899993
0.21635504265000008
0.19024873814600002
0.1839894145220001
0.21503667670599988
0.19450106837699999
0.20618804617299996
0.2103167697730001
0.19747913791400007
0.17830851589500005
0.21573056687499992
0.19187371321000002
0.195905450283
0.17801699274499996
0.19662267068700007
0.19388070034199995
0.234283772283
0.212241209688
0.19881733652900002
0.19664423511600007
0.22650937785899977
0.22320667316999998
0.17481176375599994
0.21002968136200006
0.2118134234590002
0.2134377365149999
0.180732132663
0.189619557426
0.20121042072599998
0.216240102768
0.21277547265500008
0.21076377484600012
0.19952389435499998
0.181578543776
0.174388207354
0.252468908352
0.20814628786399997
0.20198234063400006
0.212324142686
0.18472878420800004
0.237744339123
0.20291976550400004
0.20286393589300006
0.21072507079100003
0.21073029287
0.22342299374400004
0.18935647439399997
0.21848828180799998
0.18861401506500003
0.18762227281600002
0.21728190382200005
0.21808447753299998
0.191674986865
0.20963658149599992
0.18283363904199998
0.22802548946099996
0.20659984077299995
0.19196981673500013
0.19773476357199993
0.1840285766839999
0.21133915058300015
0.21716429623799993
0.21999155699199993
0.21436369264500008
0.203602391406
0.2091097905919998
0.19751219248200005
0.318156896474
0.22780002732099977
0.2173951890250001
0.18997100489100002
0.19519236061799997
0.20876844387500004
0.20044455914899992
0.18781322506699996
0.18936959677099993
0.19527580844800002
0.21716682637800008
0.20350034947300014
0.20951987035300002
0.18329004968899998
0.21036644239099986
0.2127470654669999
0.21571589381599998
0.189162782356
0.21417012775
0.2481334641149999
0.187192689888
0.19832168123699997
0.23286541675300007
0.1912980063650001
0.17947273384599993
0.19861293067500013
0.24422722054500007
0.19427770624200008
0.19079963164600006
0.20906079784299997
0.20911670191199988
0.18728434613600003
0.19177847578900004
0.22499161675300003
0.20552635310700001
0.20401013475400007
0.2106541836229999
0.18329933091800005
0.21722000967500016
0.2168271927339999
0.21098332114900006
0.193646949466
0.22524351020000005
0.21237950266000002
0.2078124116160001
0.221893210462
0.1949226058810001
0.211753778451
0.20954617578799997
0.21874084721600007
0.21644249817299993
0.20241595182899996
0.19515253829999998
0.1914198548720001
0.1896014853140001
0.209053656345
0.18635528922300007
0.19878734228999984
0.19043706599100002
0.19610708917599998
0.20379204155000008
0.2260190579309999
0.18484644214100013
0.243178465404
0.19792077034099992
0.19670311096300006
0.18034339878000008
0.20361742235899996
0.19492360298100006
0.19646492973199994
0.1787263757959998
0.20005548429499992
0.195232665799
0.18574138976099996
0.25717504049399975
0.18811923258000005
0.19530042891399998
0.21261439728600004
0.18532888528199998
0.2392280189679999
0.20274231991299993
0.18484997368199985
0.199776386861
0.2651001193930001
0.1700195033800001
0.185656096712
0.1799805014739999
0.1978115198330001
0.24624558847800007
0.18613657157900004
0.2091297906200001
0.184785383909
0.17291838061700002
0.2595366364530001
0.18533452300800002
0.20653318823499983
0.200193206201
0.18768840416599994
0.19294247275300014
0.1919733863600001
0.19351122027100004
0.21332776172199988
0.19345619214100002
0.201838031376
0.1895943452710001
0.19776968863199998
0.21074531348800007
0.2156034862650001
0.18672036356399985
0.2067240806380002
0.2092839976130001
0.2050340792760001
0.197347821387
0.20035498656499995
0.18251466301900007
0.206744258816
0.19048867185100002
0.185006633069
0.21935600685400003
0.22215741740599992
0.2004208891929999
0.20505878226900007
0.17833489460500002
0.1878718386519999
0.19607767330100007
0.18297524291699996
0.199270405576
0.19242597408700005
0.19552076720300007
0.20547423683999994
0.198357553471
0.22734367344899994
0.21831863426299994
0.18643735046400006
0.24950555787200013
0.2237926688869998
0.20792326553399998
0.20054804047600008
0.1889899106329999
0.24416987031600013
0.19440179369000002
0.19945251362799993
0.18300768464700007
0.20522387099300002
0.25315064735500004
0.2158082161800001
0.22095567096400004
0.20597219152600002
0.24243931881199995
0.20771474379000004
0.20118894785499994
0.19915816744300005
0.20425302208299997
0.19603728688100003
0.22215895659099996
0.20860730900700003
0.19822537250299999
0.20317991241999994
0.22286203059099993
0.21812486484100005
0.19845657281799986
0.2192067883099999
0.19425988470800004
0.19383515556499997
0.207009660041
0.20549057646099989
0.22054294083300013
0.18214068490200006
0.1924062039489999
0.20615090902699992
0.22178110886999988
0.1958420175199999
0.19711807529300004
0.232143498916
0.20557361896200008
0.198167228746
0.21728335452600006
0.19582350434699983
0.22480991870000014
0.19967434295899994
0.22257020009199985
0.20971988844899997
0.20362026507600003
0.21375875004800016
0.19480166175299998
0.22738937073000023
0.19241378103900014
0.19819395394700012
0.19058278483100005
0.22072150397199997
0.21710211875299998
0.19963288307700008
0.18605575751900003
0.1968160395139999
0.20554063867799993
0.19645535062699995
0.19598176644199994
0.25974693923900016
0.205409639439
0.20875815276999998
0.21462062621199998
0.21341172504899997
0.20689216236500005
0.20023356698399997
0.1895935873979999
0.23291324574700017
0.21487775354100014
0.18531634047900003
0.18513578336000003
0.19342526622699985
0.2117115139970001
0.18864078271899995
0.19249106306399993
0.17118496249400006
0.19535301441800001
0.19728252567099996
0.20608804932000024
0.18444701240200007
0.19062065437499992
0.21197090254599996
0.22030929856499992
0.188103482235
0.19510774663699995
0.21368327232400003
0.22010971462000004
0.19389447592000003
0.19344343298999994
0.18675596496500005
0.21866429591900008
0.229161390314
0.18177793150399993
0.21476274527099995
0.21452435720299992
0.18890631652099996
0.17821390267999998
0.20338166639100003
0.2093094811380001
0.25600921816800015
0.18352618282399993
0.24167376922199987
0.19541014132399995
0.19452357128300013
0.19571191079199995